0.018099, 
0.054297, 
0.062154, 
0.085476, 
0.085781, 
0.086488, 
0.086960, 
0.087424, 
0.088351, 
0.088552, 
0.089150, 
0.089158, 
0.089176, 
0.089188, 
0.089200, 
0.089224, 
0.089229, 
0.089244, 
0.089244, 
0.089244, 
0.089244, 
0.089244, 
0.089244, 
0.089244, 
0.089244, 
0.089244, 
0.089244, 
0.089244, 
0.089244, 
0.089244, 
0.089244, 
0.089244, 
0.089244, 
0.089244, 
0.089244, 
0.089244, 
0.089244, 
0.089244, 
0.089244, 
0.089244, 
0.089244, 
0.089244, 
0.089244, 
0.089244, 
0.089244, 
0.089244, 
0.089244, 
0.089244, 
0.089244, 
0.089244, 
0.089244, 
0.089244, 
0.089244, 
0.089244, 
0.089244, 
0.089244, 
0.089244, 
0.089244, 
0.089244, 
0.089244, 
0.089244, 
0.089244, 
0.089244, 
0.089244, 
0.089244, 
0.089244, 
0.089244, 
0.089244, 
0.089244, 
0.089244, 
0.089244, 
0.089244, 
0.089244, 
0.089244, 
0.089244, 
0.089244, 
0.089244, 
0.089244, 
0.089244, 
0.089244, 
0.089244, 
0.089244, 
0.089244, 
0.089244, 
0.089244, 
0.089244, 
0.089244, 
0.089244, 
0.089244, 
0.089244, 
0.089244, 
0.089244, 
0.089244, 
0.089244, 
0.089244, 
0.089244, 
0.089244, 
0.089244, 
0.089244, 
0.089244, 
0.089244, 
0.089244, 
0.089244, 
0.089244, 
0.089244, 
0.089244, 
0.089244, 
0.089244, 
0.089244, 
0.089244, 
0.089244, 
0.089244, 
0.089244, 
0.089244, 
0.089244, 
0.089244, 
0.089244, 
0.089244, 
0.089244, 
0.089244, 
0.089244, 
0.089244, 
0.089244, 
0.089244, 
0.089244, 
0.089244, 
0.089244, 
0.089244, 
0.089244, 
0.089244, 
0.089244, 
0.089244, 
0.089244, 
0.089244, 
0.089244, 
0.089244, 
0.089244, 
0.089244, 
0.089244, 
0.089244, 
0.089244, 
0.089244, 
0.089244, 
0.089244, 
0.089244, 
0.089244, 
0.089244, 
0.089244, 
0.089244, 
0.089244, 
0.089244, 
0.089244, 
0.089244, 
0.089244, 
0.089244, 
0.089244, 
0.089244, 
0.089244, 
0.089244, 
0.089244, 
0.089244, 
0.089244, 
0.089244, 
0.089244, 
0.089244, 
0.089244, 
0.089244, 
0.089244, 
0.089244, 
0.089244, 
0.089244, 
0.089244, 
0.089244, 
0.089244, 
0.089244, 
0.089244, 
0.089244, 
0.089244, 
0.089244, 
0.089244, 
0.089244, 
0.089244, 
0.089244, 
0.089244, 
0.089244, 
0.089244, 
0.089244, 
0.089244, 
0.089244, 
0.089244, 
0.089244, 
0.089244, 
0.089244, 
0.089244, 
0.089244, 
0.089244, 
0.089244, 
0.089244, 
0.089244, 
0.089244, 
0.089244, 
0.089244, 
0.089244, 
0.089244, 
0.089244, 
0.089244, 
0.089244, 
0.089244, 
0.089244, 
0.089244, 
0.089244, 
0.089244, 
0.089244, 
0.089244, 
0.089244, 
0.089244, 
0.089244, 
0.089244, 
0.089244, 
0.089244, 
0.089244, 
0.089244, 
0.089244, 
0.089244, 
0.089244, 
0.089244, 
0.089244, 
0.089244, 
0.089244, 
0.089244, 
0.089244, 
0.089244, 
0.089244, 
0.089244, 
0.089244, 
0.089244, 
0.089244, 
0.089244, 
0.089244, 
0.089244, 
0.089244, 
0.089244, 
0.089244, 
0.089244, 
0.089244, 
0.089244, 
0.089244, 
0.089244, 
0.089244, 
0.089244, 
0.089244, 
0.089244, 
0.089244, 
0.089244, 
0.089244, 
0.089244, 
0.089244, 
0.089244, 
0.089244, 
0.089244, 
0.089244, 
0.089244, 
0.089244, 
0.089244, 
0.089244, 
0.089244, 
0.089244, 
0.089244, 
0.089244, 
0.089244, 
0.089244, 
0.089244, 
0.089244, 
0.089244, 
0.089244, 
0.089244, 
0.089244, 
0.089244, 
0.089244, 
0.089244, 
0.089244, 
0.089244, 
0.089244, 
0.089244, 
0.089244, 
0.089244, 
0.089244, 
0.089244, 
0.089244, 
0.089244, 
0.089244, 
0.089244, 
0.089244, 
0.089244, 
0.089244, 
0.089244, 
0.089244, 
0.089244, 
0.089244, 
0.089244, 
0.089244, 
0.089244, 
0.089244, 
0.089244, 
0.089244, 
0.089244, 
0.089244, 
0.089244, 
0.089244, 
0.089244, 
0.089244, 
0.089244, 
0.089244, 
0.089244, 
0.089244, 
0.089244, 
0.089244, 
0.089244, 
0.089244, 
0.089244, 
0.089244, 
0.089244, 
0.089244, 
0.089244, 
0.089244, 
0.089244, 
0.089244, 
0.089244, 
0.089244, 
0.089244, 
0.089244, 
0.089244, 
0.089244, 
0.089244, 
0.089244, 
0.089244, 
0.089244, 
0.089244, 
0.089244, 
0.089244, 
0.089244, 
0.089244, 
0.089244, 
0.089244, 
0.089244, 
0.089244, 
0.089244, 
0.089244, 
0.089244, 
0.089244, 
0.089244, 
0.089244, 
0.089244, 
0.089244, 
0.089244, 
0.089244, 
0.089244, 
0.089244, 
0.089244, 
0.089244, 
0.089244, 
0.089244, 
0.089244, 
0.089244, 
0.089244, 
0.089244, 
0.089244, 
0.089244, 
0.089244, 
0.089244, 
0.089244, 
0.089244, 
0.089244, 
0.089244, 
0.089244, 
0.089244, 
0.089244, 
0.089244, 
0.089244, 
0.089244, 
0.089244, 
0.089244, 
0.089244, 
0.089244, 
0.089244, 
0.089244, 
0.089244, 
0.089244, 
0.089244, 
0.089244, 
0.089244, 
0.089244, 
0.089244, 
0.089244, 
0.089244, 
0.089244, 
0.089244, 
0.089244, 
0.089244, 
0.089244, 
0.089244, 
0.089244, 
0.089244, 
0.089244, 
0.089244, 
0.089244, 
0.089244, 
0.089244, 
0.089244, 
0.089244, 
0.089244, 
0.089244, 
0.089244, 
0.089244, 
0.089244, 
0.089244, 
0.089244, 
0.089244, 
0.089244, 
0.089244, 
0.089244, 
0.089244, 
0.089244, 
0.089244, 
0.089244, 
0.089244, 
0.089244, 
0.089244, 
0.089244, 
0.089244, 
0.089244, 
0.089244, 
0.089244, 
0.089244, 
0.089244, 
0.089244, 
0.089244, 
0.089244, 
0.089244, 
0.089244, 
0.089244, 
0.089244, 
0.089244, 
0.089244, 
0.089244, 
0.089244, 
0.089244, 
0.089244, 
0.089244, 
0.089244, 
0.089244, 
0.089244, 
0.089244, 
0.089244, 
0.089244, 
0.089244, 
0.089244, 
0.089244, 
0.089244, 
0.089244, 
0.089244, 
0.089244, 
0.089244, 
0.089244, 
0.089244, 
0.089244, 
0.089244, 
0.089244, 
0.089244, 
0.089244, 
0.089244, 
0.089244, 
0.089244, 
0.089244, 
0.089244, 
0.089244, 
0.089244, 
0.089244, 
0.089244, 
0.089244, 
0.089244, 
0.089244, 
0.089244, 
0.089244, 
0.089244, 
0.089244, 
0.089244, 
0.089244, 
0.089244, 
0.089244, 
0.089244, 
0.089244, 
0.089244, 
0.089244, 
0.089244, 
0.089244, 
0.089244, 
0.089244, 
0.089244, 
0.089244, 
0.089244, 
0.089244, 
0.089244, 
0.089244, 
0.089244, 
0.089244, 
0.089244, 
0.089244, 
0.089244, 
0.089244, 
0.089244, 
0.089244, 
