0.018099, 
0.036198, 
-0.046440, 
-0.137855, 
0.052494, 
0.121633, 
0.063179, 
0.080134, 
0.160268, 
-0.019511, 
-0.057918, 
0.053539, 
0.124055, 
0.064797, 
0.081724, 
0.163447, 
-0.018821, 
-0.055870, 
0.053566, 
0.124117, 
0.064839, 
0.081764, 
0.163529, 
-0.018804, 
-0.055818, 
0.053567, 
0.124119, 
0.064840, 
0.081765, 
0.163531, 
-0.018803, 
-0.055817, 
0.053567, 
0.124119, 
0.064840, 
0.081765, 
0.163531, 
-0.018803, 
-0.055816, 
0.053567, 
0.124119, 
0.064840, 
0.081765, 
0.163531, 
-0.018803, 
-0.055816, 
0.053567, 
0.124119, 
0.064840, 
0.081765, 
0.163531, 
-0.018803, 
-0.055816, 
0.053567, 
0.124119, 
0.064840, 
0.081765, 
0.163531, 
-0.018803, 
-0.055816, 
0.053567, 
0.124119, 
0.064840, 
0.081765, 
0.163531, 
-0.018803, 
-0.055816, 
0.053567, 
0.124119, 
0.064840, 
0.081765, 
0.163531, 
-0.018803, 
-0.055816, 
0.053567, 
0.124119, 
0.064840, 
0.081765, 
0.163531, 
-0.018803, 
-0.055816, 
0.053567, 
0.124119, 
0.064840, 
0.081765, 
0.163531, 
-0.018803, 
-0.055816, 
0.053567, 
0.124119, 
0.064840, 
0.081765, 
0.163531, 
-0.018803, 
-0.055816, 
0.053567, 
0.124119, 
0.064840, 
0.081765, 
0.163531, 
-0.018803, 
-0.055816, 
0.053567, 
0.124119, 
0.064840, 
0.081765, 
0.163531, 
-0.018803, 
-0.055816, 
0.053567, 
0.124119, 
0.064840, 
0.081765, 
0.163531, 
-0.018803, 
-0.055816, 
0.053567, 
0.124119, 
0.064840, 
0.081765, 
0.163531, 
-0.018803, 
-0.055816, 
0.053567, 
0.124119, 
0.064840, 
0.081765, 
0.163531, 
-0.018803, 
-0.055816, 
0.053567, 
0.124119, 
0.064840, 
0.081765, 
0.163531, 
-0.018803, 
-0.055816, 
0.053567, 
0.124119, 
0.064840, 
0.081765, 
0.163531, 
-0.018803, 
-0.055816, 
0.053567, 
0.124119, 
0.064840, 
0.081765, 
0.163531, 
-0.018803, 
-0.055816, 
0.053567, 
0.124119, 
0.064840, 
0.081765, 
0.163531, 
-0.018803, 
-0.055816, 
0.053567, 
0.124119, 
0.064840, 
0.081765, 
0.163531, 
-0.018803, 
-0.055816, 
0.053567, 
0.124119, 
0.064840, 
0.081765, 
0.163531, 
-0.018803, 
-0.055816, 
0.053567, 
0.124119, 
0.064840, 
0.081765, 
0.163531, 
-0.018803, 
-0.055816, 
0.053567, 
0.124119, 
0.064840, 
0.081765, 
0.163531, 
-0.018803, 
-0.055816, 
0.053567, 
0.124119, 
0.064840, 
0.081765, 
0.163531, 
-0.018803, 
-0.055816, 
0.053567, 
0.124119, 
0.064840, 
0.081765, 
0.163531, 
-0.018803, 
-0.055816, 
0.053567, 
0.124119, 
0.064840, 
0.081765, 
0.163531, 
-0.018803, 
-0.055816, 
0.053567, 
0.124119, 
0.064840, 
0.081765, 
0.163531, 
-0.018803, 
-0.055816, 
0.053567, 
0.124119, 
0.064840, 
0.081765, 
0.163531, 
-0.018803, 
-0.055816, 
0.053567, 
0.124119, 
0.064840, 
0.081765, 
0.163531, 
-0.018803, 
-0.055816, 
0.053567, 
0.124119, 
0.064840, 
0.081765, 
0.163531, 
-0.018803, 
-0.055816, 
0.053567, 
0.124119, 
0.064840, 
0.081765, 
0.163531, 
-0.018803, 
-0.055816, 
0.053567, 
0.124119, 
0.064840, 
0.081765, 
0.163531, 
-0.018803, 
-0.055816, 
0.053567, 
0.124119, 
0.064840, 
0.081765, 
0.163531, 
-0.018803, 
-0.055816, 
0.053567, 
0.124119, 
0.064840, 
0.081765, 
0.163531, 
-0.018803, 
-0.055816, 
0.053567, 
0.124119, 
0.064840, 
0.081765, 
0.163531, 
-0.018803, 
-0.055816, 
0.053567, 
0.124119, 
0.064840, 
0.081765, 
0.163531, 
-0.018803, 
-0.055816, 
0.053567, 
0.124119, 
0.064840, 
0.081765, 
0.163531, 
-0.018803, 
-0.055816, 
0.053567, 
0.124119, 
0.064840, 
0.081765, 
0.163531, 
-0.018803, 
-0.055816, 
0.053567, 
0.124119, 
0.064840, 
0.081765, 
0.163531, 
-0.018803, 
-0.055816, 
0.053567, 
0.124119, 
0.064840, 
0.081765, 
0.163531, 
-0.018803, 
-0.055816, 
0.053567, 
0.124119, 
0.064840, 
0.081765, 
0.163531, 
-0.018803, 
-0.055816, 
0.053567, 
0.124119, 
0.064840, 
0.081765, 
0.163531, 
-0.018803, 
-0.055816, 
0.053567, 
0.124119, 
0.064840, 
0.081765, 
0.163531, 
-0.018803, 
-0.055816, 
0.053567, 
0.124119, 
0.064840, 
0.081765, 
0.163531, 
-0.018803, 
-0.055816, 
0.053567, 
0.124119, 
0.064840, 
0.081765, 
0.163531, 
-0.018803, 
-0.055816, 
0.053567, 
0.124119, 
0.064840, 
0.081765, 
0.163531, 
-0.018803, 
-0.055816, 
0.053567, 
0.124119, 
0.064840, 
0.081765, 
0.163531, 
-0.018803, 
-0.055816, 
0.053567, 
0.124119, 
0.064840, 
0.081765, 
0.163531, 
-0.018803, 
-0.055816, 
0.053567, 
0.124119, 
0.064840, 
0.081765, 
0.163531, 
-0.018803, 
-0.055816, 
0.053567, 
0.124119, 
0.064840, 
0.081765, 
0.163531, 
-0.018803, 
-0.055816, 
0.053567, 
0.124119, 
0.064840, 
0.081765, 
0.163531, 
-0.018803, 
-0.055816, 
0.053567, 
0.124119, 
0.064840, 
0.081765, 
0.163531, 
-0.018803, 
-0.055816, 
0.053567, 
0.124119, 
0.064840, 
0.081765, 
0.163531, 
-0.018803, 
-0.055816, 
0.053567, 
0.124119, 
0.064840, 
0.081765, 
0.163531, 
-0.018803, 
-0.055816, 
0.053567, 
0.124119, 
0.064840, 
0.081765, 
0.163531, 
-0.018803, 
-0.055816, 
0.053567, 
0.124119, 
0.064840, 
0.081765, 
0.163531, 
-0.018803, 
-0.055816, 
0.053567, 
0.124119, 
0.064840, 
0.081765, 
0.163531, 
-0.018803, 
-0.055816, 
0.053567, 
0.124119, 
0.064840, 
0.081765, 
0.163531, 
-0.018803, 
-0.055816, 
0.053567, 
0.124119, 
0.064840, 
0.081765, 
0.163531, 
-0.018803, 
-0.055816, 
0.053567, 
0.124119, 
0.064840, 
0.081765, 
0.163531, 
-0.018803, 
-0.055816, 
0.053567, 
0.124119, 
0.064840, 
0.081765, 
0.163531, 
-0.018803, 
-0.055816, 
0.053567, 
0.124119, 
0.064840, 
0.081765, 
0.163531, 
-0.018803, 
-0.055816, 
0.053567, 
0.124119, 
0.064840, 
0.081765, 
0.163531, 
-0.018803, 
-0.055816, 
0.053567, 
0.124119, 
0.064840, 
0.081765, 
0.163531, 
-0.018803, 
-0.055816, 
0.053567, 
0.124119, 
0.064840, 
0.081765, 
0.163531, 
-0.018803, 
-0.055816, 
0.053567, 
0.124119, 
0.064840, 
0.081765, 
0.163531, 
-0.018803, 
-0.055816, 
0.053567, 
0.124119, 
0.064840, 
0.081765, 
0.163531, 
-0.018803, 
-0.055816, 
0.053567, 
0.124119, 
0.064840, 
0.081765, 
0.163531, 
-0.018803, 
-0.055816, 
0.053567, 
0.124119, 
0.064840, 
0.081765, 
0.163531, 
-0.018803, 
-0.055816, 
0.053567, 
0.124119, 
0.064840, 
0.081765, 
